05_4_1	0	0.784	0	0.757 05_8_1	0	0.767	0	0.748 05_16_1	0	0.800	0	0.765 05_32_1	0	0.775	0	0.790
06_4_1	0	0.776	0	0.765 06_8_1	0	0.800	0	0.773 06_16_1	0	0.750	0	0.798 06_32_1	0	0.784	0	0.781
07_4_1	0	0.792	0	0.790 07_8_1	0	0.792	0	0.781 07_16_1	0	0.784	0	0.740 07_32_1	0	0.767	0	0.740
08_4_1	0	0.792	0	0.782 08_8_1	0	0.784	0	0.773 08_16_1	0	0.759	0	0.740 08_32_1	0	0.767	0	0.773
09_4_1	0	0.759	0	0.790 09_8_1	0	0.784	0	0.807 09_16_1	0	0.775	0	0.765 09_32_1	0	0.767	0	0.782
10_4_1	0	0.784	0	0.815 10_8_1	0	0.792	0	0.790 10_16_1	0	0.809	0	0.782 10_32_1	0	0.784	0	0.773
11_4_1	0	0.775	0	0.765 11_8_1	0	0.784	0	0.815 11_16_1	0	0.834	0	0.823 11_32_1	0	0.775	0	0.773
12_4_1	0	0.800	0	0.782 12_8_1	0	0.775	0	0.782 12_16_1	0	0.800	0	0.815 12_32_1	0	0.834	0	0.815
13_4_1	0	0.809	0	0.789 13_8_1	0	0.800	0	0.798 13_16_1	0	0.850	0	0.832 13_32_1	0	0.925	0	0.906
14_4_1	0	0.817	0	0.787 14_8_1	0	0.859	0	0.840 14_16_1	0	0.901	0	0.890 14_32_1	0	1.000	0	0.956
15_4_1	0	0.834	0	0.832 15_8_1	0	0.900	0	0.873 15_16_1	0	1.059	0	0.982 15_32_1	0	1.242	0	1.165
16_4_1	0	0.967	0	0.881 16_8_1	0	1.042	0	0.965 16_16_1	0	1.292	0	1.173 16_32_1	0	1.708	0	1.489
17_4_1	0	1.100	0	1.040 17_8_1	0	1.317	0	1.215 17_16_1	0	1.750	0	1.556 17_32_1	0	2.633	0	2.264
18_4_1	0	1.417	0	1.315 18_8_1	0	1.941	0	1.656 18_16_1	0	2.858	0	2.431 18_32_1	0	4.765	0	3.888
19_4_1	0	2.091	0	1.837 19_8_1	0	3.166	0	2.714 19_16_1	0	5.215	0	4.404 19_32_1	0	9.230	0	7.520
20_4_1	0	3.582	0	3.113 20_8_1	0	6.056	0	5.037 20_16_1	0	10.737	0	8.841 20_32_1	0	20.074	0	16.565
21_4_1	0	6.972	0	5.862 21_8_1	0	12.353	0	10.241 21_16_1	0	21.798	0	17.998 21_32_1	0	41.330	0	34.137
22_4_1	0	14.158	0	11.509 22_8_1	0	25.561	0	21.210 22_16_1	0	46.492	0	37.585 22_32_1	1	28.788	1	13.682
				 